1439498688
1439498829
1439499898
1439500233
1439500413
1439500897
1439501283
1439503736
1439503979
1439507328
1439842288
1440804061
1446577419
1446583986
1446584043
1446585120
1446585830
1446586076
1446586195
1446589032
1446589094
1446589269
1446589313
1446589456
1446589578
1446589617
1446589658
1446590022
1446590104
1446590326
1446591117
1446728373
1448148378
1448465295
1448465357
1448465433
1448465462
1448465522
1448465588
1448467202
1448496001
1448524802
1448553600
1448582400
1448611203
1448640001
1448668802
1448697603
1448726400
1448755202
1448784003
1448812802
1448841601
1448870403
1448899202
1448928002
1448956800
1448985600
1449014403
1449043201
1449072000
1449100803
1449129603
1449158403
1449187203
1449216003
1449244801
1449273601
1449302400
1449331203
1449360001
1449388803
1449417602
1449446403
1449475201
1449504002
1449532800
1449561604
1449590401
1449619201
1449648000
1449676802
1449705602
1449734401
1449763200
1449792000
1449820801
1449849602
1449878402
1449907203
1449936002
1449964800
1449993602
1450022400
1450051203
1450080003
1450108802
1450137601
1450166402
1450195203
1450224001
1450252803
1450281602
1450310403
1450339200
1450368002
1450396803
1450425603
1450454402
1450483202
1450512000
1450540800
1450569601
1450598401
1450627203
1450656002
1450684800
1450713602
1450742402
1450771201
1450800004
1450828800
1450857601
1450886400
1450915203
1450944000
1450972800
1451001600
1451030400
1451059201
1451088000
1451116801
1451145603
1451174402
1451203202
1451232000
1451260803
1451289600
1451318401
1451347203
1451376003
1451404803
1451433603
1451462401
1451491203
1451520004
1451548803
1451577600
1451606403
1451635201
1451664001
1451692801
1451721602
1451750401
1451779202
1451808001
1451836800
1451865602
1451894402
1451923202
1451952003
1451980801
1452009603
1452038402
1452067203
1452096001
1452124801
1452153601
1452182401
1452211203
1452240003
1452268800
1452297602
1452326403
1452355203
1452384003
1452412803
1452441601
1452470400
1452499202
1452528000
1452556803
1452585603
1452614401
1452643201
1452672003
1452700803
1452729600
1452758402
1452787202
1452816003
1452844801
1452873603
1452902400
1452931201
1452960003
1452988803
1453017603
1453046400
1453075201
1453104001
1453132804
1453161601
1453190401
1453219201
1453248002
1453276800
1453305609
1453334400
1453363202
1453392000
1453420801
1453449601
1453478402
1453507203
1453536001
1453564803
1453593601
1453622400
1453651203
1453680001
1453708801
1453737603
1453766402
1453795202
1453824003
1453852800
1453881603
1453910401
1453939201
1453968001
1453996803
1454025600
1454054403
1454083202
1454112003
1454140800
1454169602
1454198400
1454227204
1454256002
1454284803
1454313602
1454342403
1454371203
1454400003
1454428802
1454457601
1454486401
1454515203
1454544000
1454572801
1454601601
1454630404
1454659201
1454688002
1454716801
1454745603
1454774403
1454803200
1454832003
1454860803
1454889603
1454918401
1454947201
1454976001
1455004803
1455033602
1455062402
1455091200
1455120000
1455148800
1455177603
1455206402
1455235200
1455264001
1455292802
1455321602
1455350403
1455379203
1455408002
1455436802
1455465600
1455494401
1455523201
1455552002
1455580803
1455609601
1455638402
1455667201
1455696001
1455724800
1455753600
1455782403
1455811202
1455840003
1455868801
1455897603
1455926400
1455955201
1455984001
1456012803
1456041600
1456070401
1456099202
1456128003
1456156801
1456185603
1456214401
1456243200
1456272002
1456300800
1456329600
1456358400
1456387203
1456416003
1456444802
1456473604
1456502403
1456531201
1456560003
1456588800
1456617603
1456646401
1456675203
1456704001
1456732802
1456761600
1456790403
1456819201
1456848001
1456876801
1456905602
1456934402
1456963202
1456992002
1457020800
1457049601
1457078403
1457107203
1457136003
1457197062
1457222403
1457251202
1457280001
1457308800
1457337603
1457366402
1457395201
1457424001
1457452801
1457481601
1457510402
1457539202
1457568001
1457596803
1457625601
1457654401
1457683200
1457712000
1457740800
1457769601
1457798400
1457827203
1457856001
1457884800
1457913603
1457942400
1457971202
1458000003
1458028800
1458057600
1458086401
1458115202
